5_mmAmplitude/Sigma/Mean: 1166.3131878948207 71.86719642959531 21.169633304475308 0.22524006887086578 1.255746610796249 0.16961726833342639
6_mmAmplitude/Sigma/Mean: 1526.7174582851217 67.09593151998536 21.087114100248638 0.20842168204257305 1.0201912197945695 0.12831846788775553
7_mmAmplitude/Sigma/Mean: 4171.741143854277 1807.8277363364875 21.276115011299392 0.30264201709042915 0.6153708286740803 0.14598667096491338
8_mmAmplitude/Sigma/Mean: 1092.4611635186557 122.87214951331669 21.063898437705813 0.2982539419909642 0.6100640740728616 0.17322932573600106
9_mmAmplitude/Sigma/Mean: 1054.9181471030888 19.716778039211363 20.992360800388596 0.3167243155576802 0.5127659499925203 0.15246131393200488
9-5_mmAmplitude/Sigma/Mean: 776.363243883301 105.57062250097499 21.05028614462073 0.3084519082220307 0.48032198046592667 0.14533999442211223
10_mmAmplitude/Sigma/Mean: 1193.5680598892473 523.8706297629617 20.810520584238905 0.2985107322354459 0.47605674222846567 0.15067952547652533
10-5_mmAmplitude/Sigma/Mean: 3292.157921023976 1504.8995354347342 20.834972305292403 0.3052317704727301 0.4330531601792974 0.13842870414983674
11_mmAmplitude/Sigma/Mean: 1414.5357504397602 425.9052719032105 20.787197554041693 0.28130524108571286 0.6645000699531538 0.19327178581030227
12_mmAmplitude/Sigma/Mean: 1157.117842369302 298.8568661905208 21.327004598520677 0.1991449698110035 1.0224674280006962 0.24453954504602105
13_mmAmplitude/Sigma/Mean: 1097.7947032001841 128.01964777335343 21.3233738808077 0.18778109615199057 1.2922256474619924 0.2127387975718189
14_mmAmplitude/Sigma/Mean: 1242.541087809111 53.65248186585495 21.326806856893413 0.17647280272128185 1.8786076291609475 0.10564892292759387
15_mmAmplitude/Sigma/Mean: 1183.7798939125198 50.92716091818079 21.440203770472564 0.15183599998262132 2.049390139011574 0.10761469070215457
9_mmAmplitude/Sigma/Mean: 1054.9181471030888 19.716778039211363 20.992360800388596 0.3167243155576802 0.5127659499925203 0.15246131393200488
5_mmAmplitude/Sigma/Mean: 1166.3131878948207 71.86719642959531 21.169633304475308 0.22524006887086578 1.255746610796249 0.16961726833342639
6_mmAmplitude/Sigma/Mean: 1526.7174582851217 67.09593151998536 21.087114100248638 0.20842168204257305 1.0201912197945695 0.12831846788775553
7_mmAmplitude/Sigma/Mean: 4171.741143854277 1807.8277363364875 21.276115011299392 0.30264201709042915 0.6153708286740803 0.14598667096491338
8_mmAmplitude/Sigma/Mean: 1092.4611635186557 122.87214951331669 21.063898437705813 0.2982539419909642 0.6100640740728616 0.17322932573600106
9_mmAmplitude/Sigma/Mean: 1054.9181471030888 19.716778039211363 20.992360800388596 0.3167243155576802 0.5127659499925203 0.15246131393200488
9-5_mmAmplitude/Sigma/Mean: 776.363243883301 105.57062250097499 21.05028614462073 0.3084519082220307 0.48032198046592667 0.14533999442211223
10_mmAmplitude/Sigma/Mean: 1193.5680598892473 523.8706297629617 20.810520584238905 0.2985107322354459 0.47605674222846567 0.15067952547652533
10-5_mmAmplitude/Sigma/Mean: 3292.157921023976 1504.8995354347342 20.834972305292403 0.3052317704727301 0.4330531601792974 0.13842870414983674
11_mmAmplitude/Sigma/Mean: 1414.5357504397602 425.9052719032105 20.787197554041693 0.28130524108571286 0.6645000699531538 0.19327178581030227
12_mmAmplitude/Sigma/Mean: 1157.117842369302 298.8568661905208 21.327004598520677 0.1991449698110035 1.0224674280006962 0.24453954504602105
13_mmAmplitude/Sigma/Mean: 1097.7947032001841 128.01964777335343 21.3233738808077 0.18778109615199057 1.2922256474619924 0.2127387975718189
14_mmAmplitude/Sigma/Mean: 1242.541087809111 53.65248186585495 21.326806856893413 0.17647280272128185 1.8786076291609475 0.10564892292759387
15_mmAmplitude/Sigma/Mean: 1183.7798939125198 50.92716091818079 21.440203770472564 0.15183599998262132 2.049390139011574 0.10761469070215457
