5_mmAmplitude/Sigma/Mean: 790.0778235843823 58.56782538014011 65.38354092424754 0.17194262448531106 1.8064178378331417 0.12028740556365136
6_mmAmplitude/Sigma/Mean: 1098.7442571661552 105.21877742201548 65.53786326478168 0.13990454855075996 1.5642295120256142 0.08649084063668999
7_mmAmplitude/Sigma/Mean: 3544.664410970393 780.5673926771865 65.63806080347338 0.19312156433900185 0.9414464570127508 0.10758890409174693
8_mmAmplitude/Sigma/Mean: 807.8902343301033 142.4721530773831 65.60509806093985 0.2127800133267712 0.999027691685572 0.11964003652587807
9_mmAmplitude/Sigma/Mean: 813.9950521787356 349.1209735169486 65.50620574826351 0.20269655393932595 0.7017503639930764 0.15455764059159627
9-5_mmAmplitude/Sigma/Mean: 730.1497939819683 518.1188128667332 65.60549359997685 0.2513649512879823 0.6334592210003513 0.15055545440217327
10_mmAmplitude/Sigma/Mean: 942.8561319341684 84.46331311152937 65.9548900843919 0.287240352109734 0.5717301417074628 0.1539962298887156
10-5_mmAmplitude/Sigma/Mean: 2955.8955052352376 326.29160607787594 66.04081741546962 0.2951749266178041 0.47271754969041246 0.1345220821665304
11_mmAmplitude/Sigma/Mean: 1851.6291404978701 1325.4817502927783 66.36872561434288 0.16753557051745815 0.6871954406649965 0.12615649656868166
12_mmAmplitude/Sigma/Mean: 900.535670328159 98.53312342294532 66.499999999223 0.160133464986707 1.3462369302711568 0.1443327965386073
13_mmAmplitude/Sigma/Mean: 738.4671691896674 35.21127514525455 66.49999999979123 0.1509388145932533 1.9755881782223588 0.14595368751487225
14_mmAmplitude/Sigma/Mean: 919.7665079462183 32.27225213061382 66.49999999999467 0.033423771170035366 2.3170645896331568 0.15472092275659266
15_mmAmplitude/Sigma/Mean: 740.442796239411 12.08674441330669 65.64564617619983 0.10503279387064879 3.1595094553665244 0.11790997423872218
9_mmAmplitude/Sigma/Mean: 813.9950521787356 349.1209735169486 65.50620574826351 0.20269655393932595 0.7017503639930764 0.15455764059159627
5_mmAmplitude/Sigma/Mean: 790.0778235843823 58.56782538014011 65.38354092424754 0.17194262448531106 1.8064178378331417 0.12028740556365136
6_mmAmplitude/Sigma/Mean: 1098.7442571661552 105.21877742201548 65.53786326478168 0.13990454855075996 1.5642295120256142 0.08649084063668999
7_mmAmplitude/Sigma/Mean: 3544.664410970393 780.5673926771865 65.63806080347338 0.19312156433900185 0.9414464570127508 0.10758890409174693
8_mmAmplitude/Sigma/Mean: 807.8902343301033 142.4721530773831 65.60509806093985 0.2127800133267712 0.999027691685572 0.11964003652587807
9_mmAmplitude/Sigma/Mean: 813.9950521787356 349.1209735169486 65.50620574826351 0.20269655393932595 0.7017503639930764 0.15455764059159627
9-5_mmAmplitude/Sigma/Mean: 730.1497939819683 518.1188128667332 65.60549359997685 0.2513649512879823 0.6334592210003513 0.15055545440217327
10_mmAmplitude/Sigma/Mean: 942.8561319341684 84.46331311152937 65.9548900843919 0.287240352109734 0.5717301417074628 0.1539962298887156
10-5_mmAmplitude/Sigma/Mean: 2955.8955052352376 326.29160607787594 66.04081741546962 0.2951749266178041 0.47271754969041246 0.1345220821665304
11_mmAmplitude/Sigma/Mean: 1851.6291404978701 1325.4817502927783 66.36872561434288 0.16753557051745815 0.6871954406649965 0.12615649656868166
12_mmAmplitude/Sigma/Mean: 900.535670328159 98.53312342294532 66.499999999223 0.160133464986707 1.3462369302711568 0.1443327965386073
13_mmAmplitude/Sigma/Mean: 738.4671691896674 35.21127514525455 66.49999999979123 0.1509388145932533 1.9755881782223588 0.14595368751487225
14_mmAmplitude/Sigma/Mean: 919.7665079462183 32.27225213061382 66.49999999999467 0.033423771170035366 2.3170645896331568 0.15472092275659266
15_mmAmplitude/Sigma/Mean: 740.442796239411 12.08674441330669 65.64564617619983 0.10503279387064879 3.1595094553665244 0.11790997423872218
